0,504
0,503
0,502
0,501
0,500
0,499
39,0
0,498
0,497
0,496
0,495
0,494
0,493
0,492
0,491
0,490
0,489
0,488
0,487
44,3
44,2
44,1
44,0
0,486
0,485
0,484
0,483
0,482
0,481
0,480
0,479
0,478
0,477
0,476
0,475
0,474
0,473
0,472
0,471
0,243
0,470
0,469
39,2
40,1
40,3
39,1
39,3
41,49
41,48
41,47
41,46
41,45
41,44
41,43
41,42
41,41
41,40
41,39
41,38
41,37
41,36
43,3
43,2
43,1
43,0
42,3
42,2
42,1
42,0
17,2
17,1
17,3
15,2
15,1
15,3
16,2
16,1
16,3
13,2
14,2
4,17
4,26
4,16
4,4
4,13
4,86
4,32
4,7
4,69
4,36
4,1
4,38
4,2
4,3
6,7
6,6
6,1
6,5
6,2
6,3
7,7
7,10
7,8
7,4
7,5
7,9
7,1
7,13
7,2
7,3
5,4
5,2
5,1
5,3
41,35
3,1
3,3
10,176
10,21
10,8
10,97
10,282
